0  0  6  5  0  0
5  0  4  0  0  1
0  3  0  1  2  0
0  0  0  0  0  6
1  0  0  0  0  0
0  0  0  0  0  0

0  1  2  0  6  0
0  3  0  1  0  0
2  0  0  4  0  0
0  0  0  0  3  0
5  0  4  0  0  0
0  0  0  0  0  0

0  4  0  2  3  0
0  0  0  6  0  0
5  2  0  0  0  1
4  6  0  3  0  0
2  0  0  0  0  0
0  0  0  0  0  0

5  0  0  4  6  0
4  1  0  0  0  0
0  2  5  0  1  0
1  0  0  3  0  0
0  0  0  0  0  0
0  0  0  0  0  5

4  0  0  0  0  5
0  0  5  4  2  0
0  0  0  0  0  0
3  0  0  0  0  0
6  0  4  1  0  0
0  0  0  2  0  0

