0  0  2  0  5  7  1
6  0  7  3  0  0  0
1  3  0  0  2  0  7
0  0  0  5  0  0  2
7  6  0  1  0  0  0
2  0  6  0  0  0  0
0  0  0  0  0  0  0

1  0  0  0  6  0  5
6  2  0  3  0  1  0
0  4  0  0  0  0  0
0  6  5  0  0  2  0
5  0  1  0  4  0  7
7  0  0  0  0  0  2
0  0  6  0  0  0  0

0  6  2  0  1  7  0
4  0  5  0  0  3  1
7  5  0  0  6  0  0
1  0  4  5  0  0  0
2  0  1  0  3  0  0
0  0  0  7  0  0  0
0  0  0  0  0  0  0

2  5  0  0  7  0  0
1  0  3  0  5  4  0
0  2  0  7  6  0  0
7  6  0  0  0  0  0
4  0  0  6  0  1  0
0  0  4  0  0  0  0
0  0  0  0  0  0  0

0  3  2  0  0  0  0
3  4  0  2  5  0  0
5  0  0  0  2  3  0
4  0  0  0  1  6  5
2  7  6  3  0  0  0
0  0  4  0  3  0  0
0  0  0  0  0  0  0

